100100
100300
100800
101000
101200
101400
101600
101800
101900
102200
102500
102530
102700
102900
103050
103285
103500
103580
104100
104200
104290
104300
104500
104510
104530
105120
105150
105200
105210
105250
105400
105650
105830
106100
106190
106210
106260
106600
107480
107600
107970
108120
108145
108300
108500
108600
108720
108721
108900
109400
109650
109730
109800
110100
111150
112240
112310
112410
112500
112600
113000
113100
113200
113300
113500
113620
113650
113800
113900
113970
114000
114290
114300
114480
114500
114550
115000
115150
115195
115196
115197
115200
115210
115300
115310
115700
116100
116200
116300
116400
116600
116700
116800
116860
116920
117000
117100
117300
117360
117550
117650
118100
118200
118210
118220
118300
118400
118450
118600
118700
118800
119300
119500
119600
119800
119900
120080
120100
120200
120330
120430
120433
120435
120970
121050
121200
121201
121300
121800
121820
121850
121900
122000
122100
122200
122400
122470
122600
122700
122860
122880
123000
123100
123150
123320
123400
123500
123700
124000
124200
124480
124500
125250
125310
125350
125420
125490
125500
125595
125630
125700
125850
125851
125852
125853
126600
126700
126800
127300
127400
127550
127750
128101
128200
128230
128235
129400
129490
129500
130000
130050
130060
130070
130080
130600
130650
130720
130900
131100
131300
131705
131750
131760
131800
131850
131900
131960
132000
132400
132700
132900
133020
133100
133190
133200
133239
133540
133700
133701
133780
134610
135100
135150
135290
135300
135400
135500
135700
135900
136000
136120
136140
136520
136680
136760
136800
136880
136900
137200
137215
137440
137580
137600
137750
137760
137800
137920
137940
138000
138500
138800
139090
139210
140000
140500
140700
141200
141500
141749
142500
142669
142680
142690
142900
142945
142946
143095
143200
143400
143465
143860
143880
143890
144200
144250
144650
144750
145000
145001
145250
145260
145410
145600
145650
145900
145980
145981
146000
146110
146200
146255
146300
146510
146520
146550
146700
146800
147060
147250
147480
147891
147920
147950
148050
148210
148300
148350
148500
148600
148700
148820
149200
149400
149700
149730
150250
150400
150600
150800
151050
151100
151210
151600
151623
151660
152950
153100
153400
153480
153640
153650
153670
153700
153870
154020
154400
154500
154700
154780
155100
155240
155255
155310
155600
156000
156200
156250
156400
156500
156530
156550
156610
157170
157600
157640
157800
158000
158300
158320
158330
158350
158590
158600
158810
158901
159000
159001
159900
159950
160120
160150
160500
160565
160800
160980
161200
161400
161800
162000
162091
162100
162200
162210
162350
162400
162500
162800
162830
162900
163000
163500
163800
163950
164200
164280
164300
164500
165300
165500
165800
166200
166210
166220
166250
166260
166300
166350
166600
166700
166710
166780
167000
167030
167200
167210
167250
167320
167400
167800
168000
168300
168400
168600
168601
168605
169100
169150
169400
169600
170100
170390
170400
170500
170650
171300
171400
172700
172800
173100
173200
173600
173650
173900
174050
174200
174300
174500
174700
174800
174810
174900
175050
175100
175200
175700
175780
175800
175900
176000
176100
176200
176410
176450
176500
176670
176807
176860
177000
177170
177200
177400
177735
177820
178110
178500
178600
179800
179850
180100
180104
180105
180200
180295
180500
180550
180700
180750
180800
180849
180860
180920
181270
181350
181400
181405
181430
181450
181500
182212
182230
182250
182290
182410
182600
182601
182900
182940
183086
183600
183900
184095
184250
184252
184460
184500
184840
184900
185000
185020
185300
185500
185800
186000
186100
186300
186500
186570
186580
187300
187500
187600
187800
187900
187950
188000
188055
188470
188570
188580
188740
189500
190320
190330
190350
190351
190900
191100
191480
191830
191900
192430
192500
192600
192950
193100
193220
193230
193235
193300
193400
193500
193510
193530
193670
193700
193900
194070
194080
194200
194300
194380
200100
200110
200150
200600
200610
200700
200990
201100
201300
201400
201450
201470
201475
201710
201750
201810
201910
202010
202110
202200
202370
202400
202650
202700
203100
203200
203290
203300
203400
203450
203500
203655
203700
203750
203780
203800
204000
204100
204200
204300
204500
204690
204700
204750
204870
205100
205400
205950
206100
206200
206700
206800
206900
206920
207410
207750
207800
207900
208000
208050
208085
208150
208230
208250
208400
208530
208540
208900
208920
209300
209500
209700
209880
209885
209900
209920
209950
210000
210200
210210
210250
210370
210600
210710
210720
210900
211170
211180
211400
211530
211600
211750
211800
211900
211980
212050
212065
212066
212112
212138
212140
212350
212500
212550
212720
212780
212840
213002
213200
213300
213600
213700
213980
214100
214110
214150
214200
214300
214400
214500
214700
214800
214950
215045
215100
215140
215150
215300
215470
215700
216340
216360
216400
216550
216820
216900
217080
217085
217090
217095
217300
217400
217700
217800
217990
218000
218030
218040
218330
218340
218600
218700
218800
219000
219050
219080
219090
219100
219150
219200
219500
219700
219730
219750
219800
219900
220100
220110
220111
220120
220150
220210
220290
220400
220500
220600
221200
221750
221770
221820
221900
222300
222448
222470
222600
222700
222730
222748
222765
222800
222900
223000
223360
223800
223900
224050
224100
224120
224230
224410
224500
224690
224900
225060
225100
225200
225250
225280
225300
225320
225400
225500
225750
225753
225790
226200
226400
226600
226650
226670
226700
226730
226750
226900
226980
227200
227260
227300
227400
227500
227600
227645
227646
227650
227810
228000
228300
228520
228550
228600
228900
228930
229050
229070
229100
229200
229300
229600
229700
230000
230200
230350
230400
230450
230500
230600
230650
230740
230800
230900
231000
231050
231070
231090
231095
231200
231300
231530
231550
231670
231680
231690
231900
232200
232220
232240
232300
232400
232500
232600
232700
232800
233100
233300
233400
233650
233690
233700
233710
233910
234050
234200
234500
234580
234750
234810
235200
235400
235510
235550
235555
235700
235730
236000
236200
236250
236270
236600
236670
236680
236700
236730
236750
236792
236800
237300
237310
237450
237500
237900
238320
238600
238700
238970
239000
239200
239300
239500
239510
239850
240300
240500
240600
240800
241080
241200
241410
241500
241510
241520
241530
241550
241600
241850
242100
242300
242500
242840
242860
242900
243000
243060
243150
243300
243310
243500
243605
243700
243800
244200
244400
244450
244460
245000
245010
245050
245150
245200
245340
245348
245349
245400
245570
245590
245900
246200
246450
246650
246700
246900
247100
247640
248000
248190
248200
248250
248300
248360
248370
248390
248500
248510
248600
248700
248800
248900
249000
249100
249270
249300
249420
249500
249700
249900
250100
250220
250250
250400
250460
250620
250790
250850
250940
250950
251000
251100
251110
251120
251200
251255
251260
251270
251290
251300
251450
251750
251850
251880
251900
251950
252010
252011
252150
252160
252500
252600
252605
252650
252900
252920
252930
252940
253000
253010
253200
253220
253250
253260
253270
253280
253290
253300
253310
253400
253550
253600
253601
253700
253800
254090
254110
254130
254210
254300
254450
254600
254780
254800
254900
255100
255110
255120
255125
255200
255310
255320
255600
255700
255800
255960
255995
256000
256030
256040
256050
256100
256300
256370
256450
256500
256520
256540
256550
256600
256700
256730
256731
256800
256810
256850
257200
257220
257270
257300
257320
257850
257920
257980
258100
258150
258315
258450
258480
258501
258850
258860
258870
258900
259050
259100
259420
259440
259450
259500
259600
259700
259710
259720
259730
259770
259775
259900
260000
260005
260300
260350
260370
260400
260500
260565
260600
260920
261000
261100
261515
261540
261600
261630
261640
261670
261740
261750
262000
262190
262400
262500
262600
262650
262700
262850
263200
263210
263400
263520
263570
263650
263700
263750
263800
264070
264300
264350
264470
264600
264700
264800
265000
265050
265100
265120
265380
265450
265800
266100
266120
266130
266140
266150
266200
266265
266280
266500
266510
266920
267000
267010
267300
267430
267500
267750
268000
268100
268130
268200
268300
268305
268310
268400
268800
269000
269150
269160
269250
269400
269500
269600
269700
269840
269880
269920
269921
270200
270300
270400
270550
270700
270710
270800
270960
270970
271245
271400
271640
271665
271700
271900
271930
271980
272120
272200
272430
272440
272460
272750
272800
273300
273395
273750
273800
274000
274150
274270
274300
274400
274500
274600
274700
274800
274900
275100
275200
275210
275350
275355
275400
275630
275900
276300
276600
276700
276710
276820
276880
276900
276901
276902
276904
277170
277180
277300
277400
277410
277440
277450
277460
277470
277580
277590
277600
277700
277900
277950
277970
278000
278150
278250
278300
278700
278720
278730
278740
278750
278760
278780
280000
300000
300004
300009
300029
300048
300049
300055
300066
300067
300068
300071
300088
300100
300106
300143
300166
300200
300209
300210
300215
300216
300243
300244
300257
300263
300271
300291
300299
300301
300321
300322
300323
300352
300354
300367
300373
300376
300387
300400
300419
300422
300423
300424
300434
300438
300448
300475
300476
300486
300489
300491
300495
300500
300510
300523
300534
300537
300539
300551
300555
300558
300559
300582
300590
300604
300607
300614
300615
300622
300624
300633
300635
300636
300640
300643
300645
300653
300659
300661
300672
300673
300676
300695
300696
300699
300706
300717
300718
300749
300751
300752
300755
300758
300770
300799
300802
300803
300804
300807
300814
300816
300818
300831
300842
300844
300849
300850
300855
300857
300860
300863
300867
300868
300882
300884
300886
300887
300888
300894
300895
300896
300905
300908
300910
300911
300912
300914
300915
300918
300919
300928
300934
300943
300946
300952
300953
300957
300958
300960
300963
300966
300967
300968
300971
300983
300984
300985
300986
300988
300990
301000
301040
301050
301200
301220
301310
301500
301830
301835
301900
302045
302060
302350
302800
302950
302960
303100
303350
303600
303700
303800
303900
304020
304100
304110
304120
304150
304340
304400
304500
304590
304700
304790
304800
305000
305100
305390
305400
305450
305600
306000
306400
306700
306900
306955
307000
307030
307200
307800
308050
308100
308205
308230
308240
308300
308350
308700
308800
308990
309000
309120
309300
309350
309400
309500
309520
309530
309541
309580
309583
309630
309800
309801
309900
310200
310300
310400
310440
310490
310500
310600
310700
311070
311200
311250
311300
311360
311510
311900
312060
312080
312170
312300
312600
312700
312750
312863
312870
312920
313200
313400
313500
313900
314050
314250
314390
314400
314580
400044
500000
500001
500003
500004
500005
500008
500009
500011
520000
530000
535000
540000
545000
550500
551500
553000
580000
600001
600002
600059
600060
600072
600081
600101
600105
600110
600116
600118
600121
600132
600138
600142
600143
600151
600175
600195
600208
600224
600231
600251
600274
600309
600316
600334
600348
600363
600373
600376
600462
600496
600501
600512
600513
600625
600630
600638
600649
600652
600666
600721
600737
600740
600775
600791
600794
600795
600802
600803
600852
600858
600882
600886
600901
600920
600955
600962
600965
600969
600971
600972
600974
600995
600996
601001
601003
601005
601042
601067
601071
601072
601088
601098
601104
601110
601144
601152
601154
601162
601186
601198
601200
601214
601216
601277
601287
601316
601317
601321
601358
601369
601382
601386
601390
601399
601410
601414
601419
601455
601457
601462
601472
601492
601493
601494
601495
601518
601536
601539
601543
601544
601552
601553
601559
601596
601606
601626
601631
601665
601675
601678
601680
601705
601707
601718
601728
601776
601777
601780
601815
601820
601847
601859
601868
601869
601885
601894
601952
601954
602014
602066
602078
602079
602080
602081
602082
602083
602088
602089
602092
602093
602099
602111
602347
602390
602398
602400
602433
602450
602459
602471
602473
602481
602482
602483
602485
602501
602522
602535
602540
602541
602579
602588
602629
602722
602723
602771
602772
602782
602875
603034
603041
603075
603147
603194
603278
603284
603373
603383
603387
603457
603467
603471
603511
603513
603516
603543
603546
603552
603553
603554
603563
603592
603622
603629
603649
603688
603689
603720
603736
603776
603813
603830
603860
603896
603902
603909
603964
603965
604004
604091
604093
604116
604121
604131
604145
604168
604169
604173
604187
604213
604218
604219
604229
604232
604233
604250
604271
604273
604278
604286
604290
604292
604307
604308
604317
604320
604321
604348
604352
604356
604360
604364
604367
604369
604370
604377
604387
604391
604393
604403
604416
604432
604484
604498
604536
604537
604559
604625
604715
604717
604757
604772
604777
604781
604804
604805
604841
604864
604928
604931
605019
605021
605027
605039
605041
605074
605130
605192
605231
605249
605253
605258
605259
605280
605282
605285
605289
605309
605316
605355
605361
605373
605375
605376
605387
605389
605407
605432
605472
605479
605588
605637
605676
605711
605714
605724
605726
605751
605809
605814
605820
605822
605899
605909
605911
606002
606003
606054
606056
606068
606069
606070
606071
606159
606164
606170
606176
606232
606324
606346
606353
606367
606392
606394
606408
606545
606574
606593
606595
606612
606658
606664
606688
606690
606693
606703
606705
606713
606721
606744
606762
606763
606764
606766
606768
606777
606785
606812
606824
606835
606843
606854
606864
606889
606893
606943
606952
606966
606996
607014
607015
607016
607039
607060
607078
607080
607084
607095
607101
607115
607143
607155
607174
607196
607197
607200
607208
607225
607236
607250
607259
607271
607313
607323
607326
607330
607346
607361
607364
607371
607417
607426
607432
607450
607454
607459
607464
607473
607475
607483
607485
607487
607523
607541
607554
607594
607595
607596
607602
607616
607624
607625
607626
607634
607636
607641
607655
607676
607677
607678
607681
607682
607684
607694
607734
607736
607745
607748
607765
607778
607785
607791
607801
607812
607821
607822
607823
607829
607831
607842
607847
607855
607876
607903
607906
607932
607936
607941
607944
608013
608022
608027
608030
608089
608091
608093
608097
608099
608104
608106
608115
608118
608133
608161
608194
608203
608224
608232
608233
608236
608265
608266
608323
608328
608340
608354
608355
608358
608361
608380
608389
608390
608393
608404
608415
608423
608446
608456
608470
608471
608540
608553
608565
608567
608569
608572
608578
608594
608611
608612
608615
608627
608629
608634
608641
608643
608644
608647
608649
608654
608673
608681
608688
608716
608728
608747
608758
608776
608779
608782
608799
608804
608805
608807
608808
608810
608837
608840
608874
608885
608895
608898
608908
608930
608931
608940
608957
608970
608971
608978
608980
608984
608996
609015
609016
609033
609040
609049
609053
609054
609056
609060
609069
609115
609135
609136
609140
609152
609153
609161
609162
609165
609180
609192
609195
609200
609218
609220
609227
609242
609254
609260
609270
609273
609283
609284
609285
609286
609304
609306
609307
609308
609310
609311
609322
609352
609404
609432
609439
609441
609446
609452
609460
609464
609508
609524
609528
609529
609533
609536
609549
609560
609579
609597
609620
609621
609622
609628
609634
609637
609638
609646
609698
609706
609734
609741
609796
609813
609814
609820
609823
609886
609887
609889
609924
609942
609968
609975
610003
610006
610015
610017
610019
610021
610024
610031
610042
610048
610090
610093
610100
610102
610125
610127
610131
610140
610154
610156
610163
610168
610181
610185
610187
610188
610193
610198
610199
610202
610204
610205
610212
610217
610220
610233
610245
610246
610250
610253
610256
610265
610282
610283
610293
610313
610329
610333
610353
610356
610357
610359
610370
610374
610377
610381
610425
610427
610443
610444
610445
610455
610474
610476
610489
610498
610505
610508
610532
610536
610539
610542
610549
610582
610599
610600
610612
610618
610628
610629
610651
610678
610682
610687
610688
610706
610713
610717
610725
610733
610738
610743
610755
610756
610758
610759
610768
610773
610828
610829
610832
610842
610852
610878
610896
610913
610915
610921
610947
610951
610954
610965
610967
610968
610978
610984
610992
611022
611038
611040
611067
611087
611090
611091
611092
611093
611105
611126
611131
611134
611174
611182
611225
611228
611263
611277
611283
611291
611302
611307
611363
611369
611377
611383
611407
611431
611451
611489
611490
611497
611498
611521
611523
611528
611544
611548
611553
611556
611560
611561
611588
611590
611597
611603
611615
611705
611718
611719
611721
611726
611755
611762
611771
611773
611783
611788
611804
611809
611812
611816
611818
611819
611820
611868
611875
611876
611878
611881
611884
611890
611895
611938
611943
611953
612004
612015
612016
612018
612020
612067
612069
612073
612075
612076
612079
612095
612098
612109
612124
612126
612132
612138
612158
612164
612199
612201
612225
612233
612240
612260
612278
612281
612284
612285
612286
612287
612290
612291
612292
612300
612301
612304
612310
612313
612319
612336
612337
612347
612350
612356
612370
612379
612389
612390
612394
612416
612423
612437
612438
612444
612446
612447
612462
612463
612518
612520
612526
612527
612528
612529
612539
612540
612541
612542
612555
612561
612562
612563
612567
612572
612577
612580
612581
612621
612631
612643
612649
612650
612651
612653
612656
612657
612674
612690
612691
612692
612702
612703
612712
612713
612716
612718
612736
612740
612775
612780
612781
612782
612783
612794
612798
612813
612838
612840
612847
612852
612885
612908
612921
612922
612932
612936
612937
612938
612940
612943
612949
612951
612952
612953
612954
612961
612964
612965
612968
612989
612997
612998
613000
613011
613014
613021
613027
613038
613065
613068
613070
613073
613074
613075
613076
613077
613078
613079
613080
613086
613087
613090
613091
613092
613093
613094
613095
613100
613101
613102
613105
613107
613112
613115
613116
613118
613122
613135
613150
613151
613152
613153
613154
613155
613156
613158
613159
613161
613162
613163
613172
613177
613179
613180
613192
613193
613194
613195
613205
613206
613211
613216
613217
613224
613225
613227
613229
613235
613237
613243
613251
613252
613254
613255
613265
613266
613268
613270
613280
613285
613286
613287
613291
613307
613308
613309
613310
613312
613313
613319
613320
613325
613330
613345
613348
613370
613375
613382
613385
613388
613390
613391
613393
613398
613402
613404
613406
613411
613424
613426
613428
613435
613436
613443
613451
613453
613454
613456
613464
613470
613471
613477
613480
613489
613490
613493
613496
613500
613507
613517
613546
613550
613554
613559
613561
613563
613566
613571
613573
613575
613581
613587
613610
613612
613615
613616
613617
613625
613630
613640
613641
613647
613652
613657
613659
613661
613662
613668
613670
613671
613672
613673
613674
613676
613677
613679
613680
613684
613686
613688
613690
613703
613704
613710
613717
613718
613720
613721
613723
613728
613730
613731
613743
613750
613751
613752
613756
613757
613762
613763
613765
613767
613780
613783
613789
613794
613795
613796
613800
613801
613803
613804
613805
613807
613808
613809
613810
613811
613818
613819
613820
613823
613824
613825
613826
613829
613832
613835
613837
613838
613839
613843
613845
613848
613849
613856
613860
613861
613862
613865
613870
613873
613876
613881
613882
613885
613886
613908
613912
613916
613925
613926
613949
613950
613953
613954
613956
613957
613958
613960
613970
613977
613981
613982
613983
613985
613986
613987
613988
613989
613990
614008
614017
614019
614020
614021
614022
614023
614025
614028
614035
614038
614039
614042
614049
614050
614052
614053
614063
614065
614066
614067
614069
614072
614073
614074
614075
614076
614077
614078
614080
614082
614083
614089
614091
614096
614098
614099
614104
614105
614111
614114
614115
614116
614129
614131
614132
614134
614135
614156
614157
614160
614162
614165
614167
614170
614172
614173
614180
614181
614186
614188
614190
614192
614195
614198
614199
614201
614202
614203
614204
614207
614219
614222
614225
614226
614229
614231
614249
614250
614254
614255
614261
614262
614265
614278
614279
614284
614286
614291
614292
614293
614296
614298
614299
614300
614302
614305
614306
614307
614321
614322
614325
614327
614328
614331
614335
614337
614340
614350
614369
614370
614372
614373
614376
614377
614378
614381
614385
614388
614399
614402
614409
614416
614424
614429
614430
614432
614436
614437
614438
614441
614450
614455
614457
614458
614462
614465
614470
614473
614474
614475
614480
614482
614483
614485
614486
614487
614495
614496
614497
614498
614499
614500
614501
614504
614507
614508
614514
614521
614557
614558
614559
614561
614562
614563
614564
614565
614576
614582
614583
614592
614594
614595
614602
614607
614608
614609
614613
614614
614615
614616
614617
614618
614619
614621
614640
614643
614650
614651
614652
614653
614654
614662
614665
614669
614672
614673
614674
614675
614678
614679
614691
614696
614699
614700
614701
614702
614707
614714
614723
614727
614728
614731
614732
614736
614739
614741
614742
614743
614744
614748
614749
614750
614751
614753
614779
614782
614808
614809
614813
614814
614815
614816
614817
614819
614820
614823
614830
614832
614839
614840
614841
614842
614844
614845
614847
614851
614852
614856
614857
614858
614859
614860
614862
614863
614866
614867
614868
614869
614870
614871
614872
614873
614874
614876
614877
614878
614879
614881
614883
614885
614887
614889
614890
614891
614892
614893
614894
614895
614896
614898
614900
614915
614920
614921
614922
614923
614924
614931
614932
614934
614935
614937
614940
614941
614944
614945
614946
614947
614959
614961
614962
614970
614972
614976
614980
615005
615007
615008
615010
615011
615023
615025
615030
615031
615032
615033
615034
615035
615040
615041
615042
615048
615058
615059
615065
615067
615071
615072
615073
615074
615075
615081
615083
615084
615085
615092
615095
615106
615108
615109
615112
615113
615119
615120
615122
615139
615145
615147
615155
615157
615158
615159
615160
615179
615181
615182
615184
615185
615188
615190
615191
615193
615206
615207
615214
615217
615219
615220
615222
615224
615225
615228
615233
615234
615235
615237
615238
615244
615249
615266
615268
615269
615270
615271
615272
615273
615274
615277
615278
615279
615281
615282
615284
615285
615290
615293
615294
615297
615298
615300
615314
615325
615327
615330
615338
615342
615343
615344
615346
615348
615349
615350
615351
615352
615355
615356
615360
615361
615362
615363
615368
615369
615373
615374
615376
615378
615382
615386
615387
615396
615397
615398
615400
615401
615402
615411
615412
615413
615415
615418
615419
615420
615422
615424
615425
615426
615429
615431
615434
615438
615440
615441
615444
615451
615453
615458
615465
615468
615473
615476
615481
615482
615483
615485
615486
615490
615491
615493
615500
615501
615502
615503
615505
615506
615508
615510
615511
615512
615513
615515
615516
615517
615522
615523
615524
615527
615528
615530
615537
615539
615540
615541
615542
615544
615546
615547
615548
615551
615552
615553
615554
615555
615558
615559
615560
615561
615565
615573
615574
615575
615577
615578
615582
615583
615592
615593
615595
615596
615597
615598
615599
615604
615605
615607
615615
615616
615617
615625
615629
615630
615631
615632
615633
615636
615643
615651
615658
615663
615665
615670
615673
615681
615683
615685
615686
615688
615696
615703
615704
615705
615706
615709
615710
615715
615716
615721
615722
615723
615724
615725
615726
615728
615731
615744
615745
615750
615751
615752
615758
615760
615761
615763
615767
615768
615770
615771
615774
615777
615779
615780
615785
615789
615802
615807
615809
615812
615816
615817
615821
615824
615828
615829
615830
615834
615837
615838
615841
615842
615846
615849
615851
615859
615860
615861
615862
615863
615866
615871
615872
615873
615878
615879
615883
615885
615887
615888
615889
615895
615896
615897
615905
615907
615909
615911
615916
615917
615918
615919
615922
615923
615924
615925
615934
615937
615938
615942
615946
615947
615948
615952
615954
615957
615959
615960
615961
615962
615963
615966
615969
615972
615973
615974
615978
615979
615981
615982
615983
615984
615985
615986
615987
615988
615989
615990
615991
615992
615993
615994
615995
615996
616000
616001
616002
616005
616006
616007
616022
616025
616028
616029
616032
616033
616034
616037
616038
616039
616040
616042
616044
616045
616050
616051
616052
616053
616056
616059
616063
616067
616069
616078
616079
616080
616081
616083
616084
616087
616094
616098
616099
616100
616108
616111
616113
616115
616116
616117
616126
616127
616138
616139
616140
616145
616151
616152
616154
616155
616158
616165
616166
616170
616171
616172
616176
616185
616188
616193
616198
616199
616200
616201
616202
616208
616209
616211
616212
616214
616216
616217
616219
616220
616221
616227
616228
616230
616231
616239
616247
616248
616249
616255
616258
616260
616263
616265
616266
616267
616268
616269
616270
616271
616276
616277
616279
616280
616281
616282
616286
616287
616289
616291
616294
616295
616298
616299
616300
616304
616307
616313
616321
616322
616323
616324
616325
616326
616329
616331
616335
616340
616341
616342
616345
616346
616353
616354
616355
616357
616362
616364
616366
616367
616368
616369
616371
616373
616389
616390
616393
616394
616395
616398
616399
616400
616402
616409
616410
616411
616413
616414
616415
616418
616420
616421
616428
616430
616433
616435
616436
616437
616439
616445
616449
616451
616452
616455
616457
616459
616460
616461
616462
616468
616469
616470
616471
616479
616481
616483
616486
616487
616488
616489
616490
616491
616494
616500
616501
616502
616503
616505
616507
616509
616511
616515
616516
616517
616521
616531
616534
616538
616540
616541
616544
616546
616549
616553
616559
616562
616564
616566
616570
616576
616577
616579
616580
616583
616586
616589
616592
616602
616603
616617
616622
616625
616629
616631
616632
616636
616638
616640
616645
616647
616649
616651
616654
616657
616668
616669
616672
616680
616681
616683
616684
616687
616689
616697
616705
616707
616708
616710
616716
616720
616721
616722
616723
616724
616726
616728
616730
616732
616733
616734
616736
616737
616738
616739
616740
616744
616756
616760
616777
616779
616780
616781
616788
616789
616794
616795
616801
616803
616811
616812
616814
616816
616817
616819
616827
616828
616829
616831
616833
616834
616835
616839
616840
616843
616849
616851
616852
616858
616859
616860
616866
616867
616868
616873
616887
616892
616893
616894
616897
616900
616907
616910
616911
616913
616914
616917
616921
616922
616924
616937
616938
616939
616943
616944
616946
616947
616948
616950
616954
616958
616959
616963
616964
616968
616969
616973
616974
616977
616981
617004
617006
617008
617011
617014
617017
617018
617020
617021
617022
617024
617025
617026
617028
617030
617035
617039
617041
617044
617046
617049
617050
617051
617052
617054
617055
617056
617061
617062
617063
617065
617066
617068
617069
617070
617073
617080
617082
617086
617087
617088
617090
617091
617092
617093
617099
617100
617101
617102
617105
617106
617107
617111
617113
617114
617115
617116
617118
617120
617121
617123
617125
617126
617132
617133
617137
617140
617142
617143
617145
617146
617153
617157
617159
617162
617164
617168
617169
617173
617174
617184
617186
617187
617188
617190
617193
617194
617201
617205
617207
617214
617217
617222
617223
617225
617228
617232
617234
617235
617236
617238
617239
617241
617243
617244
617248
617251
617252
617253
617255
617258
617260
617270
617272
617275
617276
617281
617282
617284
617290
617294
617296
617297
617301
617302
617303
617304
617315
617319
617320
617347
617391
617524
617525
617666
617667
617686
617821
